1.000000000000000000e+00 8.365009239426235421e-03 5.614384737478660126e-02 3.585486886369964460e-02 1.207254661833300907e-01 2.311094326758926856e-02 4.177141251194690930e-02 5.930816505932929444e-02 3.864904703034635625e-01 8.186501188141949437e-02 4.027171372514109504e-01 5.927398502400275937e-02 2.741033970399415348e-02 6.677300559838220129e-02 1.103309389843775273e-01 2.715707173032929078e-01 2.447838505670891229e-01 4.415250837146304091e-02 1.789022439712172341e-01 1.780839705351670577e-01 2.960973835631243722e-01 3.232204999782248289e-01 6.534762954550604741e-03 1.335383186873992378e-01 2.512926017848559068e-01 3.972873892671239388e-02 4.761836904895324629e-01 1.261135276408109629e-01 1.139713330700707211e-01 1.278512076813553555e-01 3.283886327492241408e-01 1.663561308927269666e-01 1.480800319563362333e-01 3.324020800168330791e-01 2.927181028571027022e-01 3.301564364235929500e-02 1.020742209055678640e-01 4.142698983880204744e-01 1.106934817369264606e-01 2.810819825154824425e-01 4.317747149058591694e-01 1.157735940211189890e-01 4.577142744784901685e-01 3.397683655896572841e-01 1.602680025992772594e-01 2.657215444440514385e-01 6.119034474993585715e-02 4.169669150814947489e-01 4.317747149058591694e-01 3.834153920746481981e-01 1.277208870430995291e-01 3.205103909710403931e-01 2.396921675700402488e-01 2.684734160936277925e-01 4.049291336063585156e-01 4.168464866838684224e-01 4.445513602633320294e-01 3.272989754580384325e-01 3.733002247458662159e-01 4.394482557045373827e-01 3.602083709601099359e-01 3.486286629843547008e-02 1.187579190429786068e-02 3.498361809915800924e-01 3.096957874984263559e-01 2.098680952311269554e-01 2.197812104636348574e-01 4.354567553339884767e-01 1.931115035763418808e-01 2.258693387570845645e-01 6.230351835253490622e-02 3.205103909710403931e-01 4.033217742040699494e-01 4.445513602633320294e-01 4.021854225246414560e-01 1.833122751578153964e-01 1.781655014468445930e-01 1.414188343363124156e-01 2.221872983289552572e-01 2.770979255278260833e-01 4.022321169128842411e-01 4.226144939272793999e-01 4.169669150814947489e-01 4.733992375398268226e-01 2.523822590760416151e-01 1.822226178666297158e-01 2.491405283168747486e-01 3.692867774782572776e-01 4.073352214716788877e-01 3.484867612708900664e-01 5.006231839237127446e-01 2.301128400501140370e-01 3.272989754580384325e-01 1.988871627379054652e-01 1.902700806101065567e-01 4.049291336063585156e-01 3.284825818907043948e-01 2.312491917295425026e-01 4.688690470091049778e-01 2.170841937701606106e-01 4.553081866131697963e-01 3.023660915039280139e-01 4.482334006914613367e-01 2.996690748104537394e-01 4.353911392847522599e-01 1.770225394132853847e-01 2.246141684337283617e-01 2.485451385035520322e-01 4.354567553339884767e-01 3.023660915039280139e-01 1.873257224254243625e-01 4.073352214716788877e-01 4.293686270405387972e-01 2.047649906723323088e-01 3.370713488961830095e-01 3.751488256169772662e-01 4.263629215846552190e-01 3.681971201870715693e-01 3.879910870236863429e-01 4.277612676382502310e-01 4.226144939272793999e-01 3.272989754580384325e-01 3.283886327492241408e-01 3.692867774782572776e-01 3.483227707307717802e-01 4.244985685585381252e-01 3.843090465955570356e-01 3.932446034167229598e-01 4.882214719646686962e-01 1.720965836791371606e-01 3.981750004930991182e-01 3.023660915039280139e-01 3.370713488961830095e-01 1.948180586939449732e-01
8.365009239426235421e-03 1.000000000000000000e+00 8.035899285401772174e-02 1.164490556182537356e-01 9.732448694574433179e-02 9.661644687727703740e-02 1.163028944586433078e-01 1.037091742362584862e-01 5.538616877299240571e-02 1.080638300858927925e-01 6.741025256841498559e-02 1.269338075960935730e-01 1.390805204637358961e-01 1.264614705207285084e-01 1.099112368701790354e-01 8.363393183998046876e-02 4.554993755775747777e-02 8.934595909859631424e-02 1.272813800906314186e-01 1.082957159495319399e-01 7.794167336532219215e-02 6.160071401098098781e-02 1.184307014747515985e-01 9.958000323566314205e-02 5.938730899766814925e-02 9.185534977878913321e-02 5.075594409430870396e-02 1.011028411636390456e-01 8.332121787666660340e-02 1.080638300858927925e-01 7.617496334630811938e-02 1.270659332436428479e-01 1.096859747485503384e-01 4.070616181913096210e-02 4.610568595398997771e-02 9.844244884133146467e-02 7.248077786269514766e-02 4.090160586000777393e-02 1.085996131697477135e-01 1.048667111325580353e-01 2.647400180233172931e-02 1.008476296455046717e-01 4.822321932245578202e-02 5.989623482299838431e-02 8.874341193433332720e-02 8.805804684494668300e-02 1.052547888324156383e-01 5.448342018200916931e-02 5.024552187344773213e-02 6.918597485438407468e-02 7.784581585325996145e-02 1.796001739814120229e-02 7.481573586084978855e-02 5.838706836087183272e-02 3.131027605751364462e-02 7.355193566389199578e-02 4.205385149346996254e-02 6.168444195805363600e-02 7.005489576761114723e-02 5.020995129594398726e-02 6.455096951450174647e-02 1.132763611844381374e-01 9.979356635224224947e-02 5.485498886944941560e-02 7.774701714172038702e-02 9.846627259587605041e-02 5.259900629960657242e-02 4.238599274459851213e-02 1.023447064461044664e-01 9.166693145199386605e-02 9.615482614706798159e-02 7.548646770985252552e-02 3.928035540064132164e-02 4.205385149346996254e-02 5.674244754787528128e-02 7.601833447609375460e-02 5.469473281307894036e-02 9.053543706133736213e-02 8.763775538202463189e-02 1.690724014966361183e-02 5.755357679637736895e-02 3.712196734432698236e-02 5.448342018200916931e-02 1.026674889067475012e-02 5.034443020646108685e-02 7.063693704105536431e-02 7.883913775098108645e-02 6.568036969100976563e-02 5.338066065890066658e-02 1.670545655031752119e-02 3.573210011003731534e-02 7.457431997494035070e-02 7.499037342714483245e-02 7.610057155380202387e-02 5.942114307980888438e-02 4.103016491265073368e-02 6.883672047891620238e-02 8.622911699251278872e-02 3.578227316482358866e-02 6.352325293861516009e-02 1.206244270943974614e-02 7.130260566176278847e-02 4.608302756343919671e-02 5.038199245311192342e-02 2.893029696434920583e-02 6.619374339180504607e-02 8.944918920188932310e-02 6.522044519546867092e-02 5.427469794341696629e-02 2.941120011062430678e-02 7.200463245136817791e-02 2.422065386220149594e-02 4.762080530885576951e-02 6.598996372159723900e-02 8.465631241286121489e-02 1.814229517599784403e-02 3.634080446976789558e-02 6.449577977184647870e-02 7.747893085757033560e-02 4.587099579684635747e-02 3.712196734432698236e-02 8.165401419102642777e-02 4.295756848392727478e-02 4.179148487134948242e-02 2.362989503245922079e-02 4.609884041012607403e-02 5.655777582527891922e-02 1.023095464044849745e-01 2.255903090560140364e-02 1.097908691731415975e-01 4.998913826302127383e-02 4.733254837137003401e-02 5.696183539182569228e-02 6.181885409847531765e-02
5.614384737478660126e-02 8.035899285401772174e-02 1.000000000000000000e+00 7.881975580480010679e-02 9.836568507430541730e-02 6.071749083236894357e-02 6.148351867665455273e-02 8.215596944123992884e-02 9.365362749455383162e-02 8.976365244227289819e-02 5.904575330044435633e-02 9.780417988739324719e-02 7.317382359867681541e-02 6.744605920792277887e-02 1.062560158637086555e-01 9.233603218426522652e-02 8.234557643305898122e-02 8.925010912696434984e-02 6.195925483934710404e-02 9.775431050786460851e-02 5.400320622558392458e-02 7.855750021737439859e-02 7.140794048615328737e-02 7.144572644207836110e-02 5.137259534628371704e-02 7.083809966853882312e-02 7.074511495735161248e-02 8.990075205884348608e-02 5.709402239071528079e-02 7.841557799773092585e-02 1.041660577230251183e-01 1.148873586492610566e-01 6.754188480898029590e-02 7.232290814482283947e-02 7.557517337728218709e-02 8.040553102757198867e-02 6.700228579169492660e-02 5.966292508291150959e-02 8.402275661167302179e-02 9.166775285961463460e-02 5.790833996949053264e-02 8.969172670016420379e-02 1.363365700347584641e-01 1.250473295046068412e-01 1.051304312819519443e-01 1.153241401923870146e-01 8.092510400469839216e-02 1.058926575870118292e-01 9.568121998627102109e-02 1.030126894837031792e-01 5.384919385773495604e-02 5.587247194143321605e-02 1.040720456319517429e-01 6.847420784132784988e-02 8.324372692739287483e-02 6.521067970828484106e-02 8.398709603447218619e-02 7.544609435899367333e-02 6.646169187953920865e-02 1.370019897088198269e-01 1.183335722169242266e-01 6.547230304787828026e-02 6.942209479255997961e-02 1.021678554822859075e-01 6.254649685578918261e-02 7.481144119390785441e-02 8.004119182545627043e-02 1.269152974210948637e-01 1.009673534268781814e-01 9.218326710646332356e-02 5.576814308120459085e-02 8.036186742691527052e-02 1.881620017023029612e-01 1.000876219339094930e-01 9.352202114359078888e-02 9.283661695517111956e-02 1.753264709263127885e-01 8.781962926747288734e-02 6.833388840266393927e-02 6.893681284894630223e-02 5.833448587088498755e-02 6.831032593885497106e-02 8.611956140976953500e-02 5.511446966680422221e-02 5.414059062588381932e-02 5.754849993368167660e-02 7.625599531347833360e-02 1.183180159738468629e-01 2.192067432741728883e-01 5.478474492761373216e-02 5.538700027403117843e-02 1.038337031243143360e-01 1.146104253811313645e-01 7.586838516970006996e-02 7.338410813649164088e-02 8.324372692739287483e-02 7.745343402683990686e-02 7.892237296724149975e-02 7.224471408637643532e-02 7.318710576504519616e-02 7.074819411081008369e-02 1.555755336857997939e-01 8.785192862623961152e-02 6.995338777218490511e-02 9.756651943259248005e-02 1.804272562899505439e-01 7.740871446062513872e-02 1.035481697049633609e-01 8.339488785125925840e-02 5.387014259496857027e-02 7.049720397159064955e-02 7.131182555615145358e-02 1.114060218139080322e-01 6.183410150864138144e-02 6.425911597108323325e-02 4.139985909109015344e-02 1.028502968848586385e-01 1.000610481002518204e-01 5.653505983083630809e-02 1.192594432602857579e-01 1.121929228303727433e-01 8.834638286557611186e-02 6.545643699272202243e-02 1.028290433798519088e-01 6.792858455045587551e-02 8.355217222062957805e-02 5.267022723906888276e-02 5.140050401700950455e-02 5.401839917328132151e-02 9.069650806450280101e-02 6.199608650483223737e-02 7.680747383259597938e-02 1.181932434441957669e-01 5.475730727784069996e-02
3.585486886369964460e-02 1.164490556182537356e-01 7.881975580480010679e-02 1.000000000000000000e+00 1.118701875556785130e-01 1.080064218333470910e-01 1.060382501884577777e-01 1.053174090610402569e-01 4.401704354806287162e-02 1.460385659992737561e-01 6.241383380128671943e-02 1.582051307360601289e-01 2.732127100962239430e-01 1.310631893270572113e-01 1.971995950867881098e-01 8.007414115386324305e-02 4.957246745818218864e-02 7.222482045531698758e-02 1.142381530753482921e-01 1.259039469688109647e-01 8.594128064838725545e-02 7.269886317138211929e-02 1.290705344348805628e-01 1.248752767932774510e-01 6.256249836378550977e-02 9.769738127602545230e-02 4.516265007110738250e-02 1.222998039572335133e-01 9.463971109196350762e-02 7.936871543930400230e-02 9.490388475747112140e-02 1.088591493658205983e-01 1.060439035362167187e-01 3.661364391164970838e-02 4.460459467019319696e-02 1.048780802456988764e-01 6.888256564527826808e-02 1.833012574673898235e-02 1.287218880609702909e-01 7.790077774585600634e-02 2.857550645047983104e-02 6.537782946542426699e-02 9.199211333245607691e-02 6.308173163600232225e-02 1.104559942872921086e-01 6.306735255474962831e-02 8.042140421486601576e-02 4.303937168561203924e-02 6.767678384480038667e-02 4.312054492891369273e-02 8.961587680536120537e-02 3.139251065081678088e-02 1.106701290212364908e-01 1.023793001271489228e-01 6.463724741821837150e-02 6.857876020912720416e-02 4.600087200216958216e-02 7.708090174019577301e-02 8.623487668004338469e-02 7.652021409743849090e-02 8.478311256457914113e-02 1.365822486118791479e-01 7.746964019239062360e-02 7.676879067682737534e-02 8.257874868845414829e-02 1.096196268678128471e-01 8.547316404195420825e-02 1.114961039118906316e-01 1.544446798763363937e-01 9.519010199555394403e-02 8.819517389257065798e-02 8.510207914056912293e-02 4.269599675894540647e-02 7.740213012188462693e-02 3.883968520589620166e-02 6.082026822505529062e-02 3.896346987408615820e-02 1.118681421922944480e-01 8.111925834949119951e-02 4.224489495029166986e-02 6.170256637172735065e-02 4.385102294592189975e-02 4.893851724270459336e-02 1.124471401242301341e-02 7.110851167283917251e-02 5.805227294545518835e-02 6.400167058611271054e-02 1.091833721480153507e-01 5.290534116461177716e-02 3.631191215607127570e-02 2.605416675502047336e-02 9.110449538188289398e-02 6.209690658242764810e-02 8.346566459218007772e-02 4.340451347726163173e-02 5.766126204114863096e-02 8.660632502988538373e-02 1.850427534395276130e-01 5.195573557528947173e-02 7.337351169533096185e-02 4.420202124122411813e-02 9.821377066667655309e-02 3.458167923269625521e-02 5.745102256924323331e-02 5.003123607446859772e-02 6.512534084216432817e-02 1.132187811274245476e-01 5.705851313527328383e-02 1.247943660660819770e-01 3.744401081555717714e-02 1.025712578780715312e-01 3.119194586531061353e-02 6.509866336848252333e-02 7.626987155374302663e-02 1.689104213577883595e-01 3.188300731704921814e-02 6.245873055880554053e-02 8.935806289421421855e-02 2.814908486720469824e-02 3.763649278353094207e-02 3.056997235361792395e-02 1.042313131386913422e-01 4.994392523833746100e-02 2.065598759600984977e-02 4.385648698870227985e-02 4.098382023294804000e-02 7.157413447151619867e-02 2.251315113736030230e-02 2.455533765685850162e-02 1.099433796865831314e-01 6.915248608835337929e-02 6.430510862965430063e-02 6.399776768210428679e-02 9.091152336525512578e-02
1.207254661833300907e-01 9.732448694574433179e-02 9.836568507430541730e-02 1.118701875556785130e-01 1.000000000000000000e+00 1.246429771488555827e-01 1.041541637287614064e-01 2.065640835756398508e-01 1.189442822648359988e-01 1.188270225830027060e-01 1.936672597995268696e-01 1.290367125458236341e-01 1.023394615594135082e-01 1.099302432877130170e-01 1.806165757146412643e-01 1.528708327303094638e-01 9.638502600184299662e-02 1.417105219251013348e-01 9.832732953990068470e-02 2.198555967456573002e-01 1.485517483908205816e-01 1.154255453895946804e-01 9.984932032103521760e-02 1.495891098765495530e-01 1.506302420410974285e-01 1.154933095174500296e-01 1.339258320079565467e-01 1.760997649494662198e-01 1.492117460535129225e-01 1.109113432694794760e-01 2.539770289631702038e-01 1.984527913436496815e-01 1.375110193593765961e-01 1.107800598275446302e-01 7.156811944434883499e-02 1.388835519840542487e-01 9.750122268558711336e-02 2.024274270996808678e-01 1.631353320604677359e-01 1.633100756020594291e-01 1.775649440413972213e-01 1.158469823452229625e-01 2.229979452004051677e-01 1.840256638132033440e-01 2.457529390951869730e-01 1.720156880491436890e-01 1.248317746758212388e-01 1.539075951358314653e-01 1.361008404437252517e-01 1.564050809731313552e-01 2.432900605182611031e-01 1.201962365557545237e-01 1.229842325379040813e-01 1.317122835437679607e-01 1.745192847485786680e-01 1.985726865119823992e-01 1.205040074098231162e-01 1.909623842144649586e-01 2.124643593402532060e-01 1.936366685926836917e-01 2.172662898048844937e-01 1.206718309750770129e-01 6.358237921033019213e-02 1.542047538400606321e-01 2.014780279550152930e-01 2.232459704112536858e-01 1.549071918920862934e-01 2.060980209409626895e-01 2.273674938000086188e-01 1.331692802148821686e-01 7.298511413679331650e-02 1.739702505809188615e-01 1.446746344659883832e-01 2.417117376586742361e-01 2.530090642936607681e-01 1.828277590339809355e-01 1.001158213047825540e-01 1.334230689703870265e-01 1.888846117447791628e-01 1.070525921761795590e-01 1.933806683801584658e-01 1.951605139182963078e-01 1.266678957359271551e-01 1.161294813332217346e-01 1.242313011970388043e-01 9.546732404600014044e-02 1.274555196081069708e-01 1.537679788460342700e-01 1.808935967728973471e-01 1.639319701254780548e-01 1.147281886538059903e-01 1.668493717600163795e-01 1.717104190569350985e-01 1.524730401279009717e-01 1.040632849154080330e-01 1.489241717735571569e-01 1.921833030555521182e-01 1.573980492792108610e-01 1.934883621235859441e-01 1.343873288848389524e-01 1.361239980402775829e-01 1.650445077172054409e-01 1.582736312031616799e-01 1.579181092561228184e-01 1.411209006040717029e-01 1.162046446000432193e-01 2.116719783508254626e-01 1.137973047633388524e-01 2.368171453469825327e-01 2.608065028947653685e-01 1.132393758339033107e-01 2.203423405370938948e-01 1.899385672424058757e-01 1.287067165854112738e-01 1.768992653521207492e-01 1.374806445451660364e-01 1.548315845400952129e-01 2.408111854985028333e-01 1.319802193552704894e-01 1.428880641573731791e-01 1.341390357048538040e-01 2.511001678096563827e-01 1.188238924058562795e-01 2.190150550577667221e-01 1.432685844822651489e-01 1.516766095255034363e-01 1.970431009637636510e-01 1.294431202293647720e-01 1.389092553702308552e-01 2.730954590203023558e-01 2.014144414765764446e-01 1.146349454296463344e-01 1.572969727240791094e-01 1.330048639244252595e-01
2.311094326758926856e-02 9.661644687727703740e-02 6.071749083236894357e-02 1.080064218333470910e-01 1.246429771488555827e-01 1.000000000000000000e+00 1.047861793578028916e-01 1.062323415899337209e-01 6.527588014245974679e-02 1.090893608599570602e-01 2.304080530611970767e-01 1.131330376515996688e-01 1.143157445583550536e-01 1.323877103649595544e-01 1.505258359380717559e-01 1.060069520549133393e-01 1.140443007072495796e-01 2.365935653414884821e-01 9.383126843549756402e-02 1.348655754405042873e-01 1.055226912628471209e-01 6.566127750469964719e-02 1.066506071364836244e-01 1.103314664032269549e-01 8.314569192755828786e-02 1.005597652592745972e-01 5.092202681360502581e-02 1.349780291484170558e-01 9.291790622740099537e-02 1.046221354213892757e-01 8.664341690550564357e-02 1.396899283347315390e-01 9.115212035039549354e-02 3.239578041320315127e-02 3.904721596201821826e-02 1.175804054888443112e-01 6.981952245209370467e-02 6.047646249857854123e-02 1.201717907054742907e-01 7.478336636143693983e-02 4.326430454968944322e-02 8.377516847647810405e-02 8.919467174839662560e-02 1.669418708552099784e-01 1.106215262515379549e-01 1.008670133003259084e-01 8.814364212027837875e-02 5.148022168100251095e-02 7.528226408179397589e-02 7.320129331811507656e-02 1.112934916926623802e-01 5.108545844692478910e-02 7.874140331825665862e-02 9.057536282798844818e-02 4.979274183558235478e-02 7.498080701186547736e-02 6.509309321631387424e-02 1.366783189125869158e-01 1.038838649459973423e-01 8.858663985741012381e-02 1.099141565934248499e-01 1.121706599290130529e-01 8.085462733878957808e-02 7.280390284493148956e-02 9.107443485345734224e-02 1.379161471514099846e-01 1.021626909724285132e-01 9.968737708155603339e-02 1.283021217803846370e-01 7.465665542344777916e-02 5.778388983061737150e-02 7.849114637512343007e-02 4.631673622498896914e-02 9.960015010381947920e-02 7.007725540929066188e-02 1.149202429367600781e-01 5.390127666995052358e-02 1.018813997067617300e-01 9.369151928181319866e-02 5.469802743349927443e-02 7.121855630584306152e-02 8.210216842726278386e-02 3.670005658937357251e-02 2.374500350111782496e-02 6.327249715949709308e-02 4.543628490593107361e-02 6.250670387055257127e-02 7.641507608583514299e-02 8.223206655225241690e-02 4.050569758056390968e-02 5.763634357373283168e-02 7.745329110094839598e-02 5.569136601319780999e-02 6.845928216509164499e-02 8.301645620962075367e-02 1.567098206542369143e-01 1.150130434675386421e-01 6.015637942050380826e-02 1.448482171614414171e-01 8.267800903540384327e-02 3.814814372950553478e-02 1.010341204598392550e-01 4.939658820129908673e-02 1.214581496267893024e-01 5.423147642400702462e-02 9.015006532104845316e-02 1.145506463192467184e-01 9.499538501593557394e-02 9.968737708155603339e-02 6.629882387104847619e-02 7.081108080357126355e-02 4.141662805490184396e-02 5.360968132421406462e-02 6.065547246442783147e-02 6.703304897350674529e-02 4.974002416635797674e-02 6.072892743475552524e-02 9.687245289527389447e-02 2.825857621680299969e-02 7.277023500596077610e-02 6.546924004080884041e-02 1.232791640668240707e-01 2.993930209923770236e-02 5.383943443839156462e-02 8.102758727762968127e-02 7.257687510761168248e-02 7.257442574578548689e-02 2.332940204499681786e-02 5.384405223692675935e-02 1.187243157026496715e-01 8.337748114068264937e-02 4.924593170328028791e-02 6.703304897350674529e-02 6.980693838856434630e-02
4.177141251194690930e-02 1.163028944586433078e-01 6.148351867665455273e-02 1.060382501884577777e-01 1.041541637287614064e-01 1.047861793578028916e-01 1.000000000000000000e+00 1.014359647012556681e-01 5.989649869536339127e-02 1.103779355390872713e-01 7.197665183611132167e-02 9.617791913827543338e-02 1.223572423725414887e-01 1.295581197353829483e-01 1.067880157771393529e-01 8.841891882361188615e-02 8.308754151401727406e-02 1.053719354922372509e-01 1.063917866594046441e-01 1.012555361194124731e-01 6.643350620216244284e-02 6.532353180748250165e-02 9.132147379380348151e-02 8.007602704446532826e-02 5.430933186476623320e-02 7.126288563415202060e-02 5.145996554182527549e-02 9.580979078717355435e-02 8.500139601104962639e-02 8.030416116289669504e-02 6.959677063637705052e-02 1.090768100643714350e-01 7.473531800388230617e-02 1.811929315737537127e-02 1.891443864808659003e-02 9.812807058080276479e-02 5.050845615432875829e-02 3.924676084827188188e-02 9.370768108742560942e-02 9.227146803819612220e-02 3.377444351989199178e-02 8.429672529524644131e-02 5.973473262124349981e-02 7.375081879633933746e-02 8.786625235254040545e-02 7.546280375058478374e-02 9.058000902945143040e-02 4.218116027944457391e-02 3.377444351989199178e-02 4.920209491504227289e-02 6.714392153017958997e-02 2.297842249450555985e-02 4.924877897295994872e-02 4.552036807844015570e-02 1.665267687613591896e-02 4.129540750644922903e-02 6.869129477464792910e-02 5.234155335219316252e-02 7.604298273827195254e-02 6.313217877888327445e-02 7.952186769732288996e-02 9.754208071262837620e-02 6.889246798244710868e-02 5.031796954654679799e-02 6.548025623392103589e-02 1.082763607680893025e-01 8.628384723348407614e-02 5.194756160338115381e-02 8.781246350134687406e-02 5.354094100787122612e-02 8.388425788292946939e-02 6.142816661155067748e-02 2.648163855809788914e-02 6.869129477464792910e-02 8.275733461838874483e-02 1.027653479442629109e-01 4.769215693500961778e-02 6.385675483585891155e-02 7.754595311868299479e-02 1.467703154703877723e-02 4.852556611065258346e-02 4.896488955102128865e-02 4.218116027944457391e-02 1.547804664584643067e-02 4.930906857373930363e-02 5.020825629662030443e-02 1.017568397407903891e-01 9.097768456573145091e-02 4.245811978817597143e-02 5.683305441216372766e-02 1.703039178074986296e-02 4.467329525361966175e-02 6.036419183216652079e-02 8.202789885016503746e-02 7.548345122137051222e-02 5.145996554182527549e-02 6.891491189664600281e-02 5.827584884066995541e-02 4.551611736321631990e-02 5.510863865739480671e-02 3.725759492125782502e-02 6.544581773137726766e-02 7.272047084461716326e-02 5.525130128086986475e-02 5.556774024552717239e-02 7.407806107236496185e-02 8.605756138486793383e-02 7.915041375240021437e-02 6.611762015011127258e-02 4.373367758241106240e-02 8.118671210873970590e-02 1.927739344072788505e-02 4.529366896881995008e-02 5.331937205482727843e-02 4.577736408550676234e-02 3.603365070318725188e-02 3.514404278070117765e-02 8.012332538513698699e-02 5.751086978984059489e-02 4.354385945681053804e-02 3.479483100429116293e-02 8.459052968862025568e-02 3.755113968447659767e-02 4.291491926670822077e-02 9.939388678605762251e-02 6.864552714788277332e-02 1.048138101391422050e-01 3.796818225355326482e-02 6.762509066991426177e-02 8.294089108341702599e-02 7.600402533353473045e-02 5.818570071204255678e-02 4.577736408550676234e-02 6.089987839979345285e-02
5.930816505932929444e-02 1.037091742362584862e-01 8.215596944123992884e-02 1.053174090610402569e-01 2.065640835756398508e-01 1.062323415899337209e-01 1.014359647012556681e-01 1.000000000000000000e+00 6.604794773587738255e-02 1.114218195631618141e-01 9.433778857740465762e-02 1.490188805407215711e-01 1.175910506864215471e-01 9.983251194434791809e-02 1.227002945746133583e-01 9.587438838828743481e-02 8.457162900327480637e-02 8.191910187936718435e-02 1.068047913213347466e-01 1.139607268634478532e-01 1.027976238693156519e-01 7.414763569691487644e-02 1.122050373788520405e-01 1.318404091066027184e-01 7.781631300062585854e-02 8.832866587117238488e-02 5.593996762275606910e-02 1.181891544225035645e-01 8.323997277865244349e-02 8.518528481755630044e-02 9.704435424636641272e-02 1.044909790248041009e-01 7.688184859433430662e-02 2.848474878506173508e-02 3.599228940421791978e-02 8.869624568918513252e-02 8.087232742741527758e-02 7.009186679881238002e-02 1.315323157274715382e-01 1.069942044673526937e-01 3.235135677928732689e-02 9.855990943339078270e-02 7.912179798572607781e-02 7.426617384374352426e-02 1.045494278660920595e-01 9.425800919733996752e-02 8.502224436988209400e-02 4.783294546990711493e-02 7.161711099173399819e-02 6.676266048007954701e-02 1.985331438801589132e-01 5.313115625991633728e-02 6.873689758676290729e-02 1.083603410700559599e-01 4.736455277699016392e-02 9.741494879934937956e-02 7.086080424059879035e-02 8.434523432429831546e-02 1.098877279503341214e-01 7.928047091027991267e-02 9.951149050004051699e-02 1.304491703579513939e-01 7.489354075469600858e-02 6.752847398752910568e-02 9.243512710524484643e-02 1.442414548389142348e-01 9.984348732854954334e-02 8.201811345388623775e-02 9.013015602703719487e-02 6.124558244697030085e-02 6.936843306451563607e-02 8.982560102960822357e-02 5.649644836211499543e-02 1.126913922028515563e-01 1.342127154372125819e-01 8.179510703467295085e-02 5.442421298725692858e-02 1.178146450984462607e-01 1.066041289434280226e-01 5.016268177557728358e-02 9.471479938996525683e-02 4.958790147022984485e-02 6.270457727714538743e-02 2.821151831065280696e-02 7.344214665308579360e-02 7.269814736751098461e-02 8.276295794918205051e-02 1.213512737544287096e-01 8.144854446296184713e-02 4.866447717771471559e-02 6.271145599935060155e-02 7.782743565890197501e-02 6.521167259498691915e-02 9.036440468114928515e-02 7.154711788596562760e-02 7.468790284808336788e-02 9.399739475801797972e-02 1.054589827594179796e-01 8.201943383519755271e-02 9.914681138963160612e-02 7.236115637084758467e-02 1.125227077229493527e-01 7.514356990627141242e-02 9.614114023969802525e-02 5.495345599727735619e-02 9.705283933872195512e-02 1.108270959332797179e-01 6.775351732999328191e-02 1.152897094522240956e-01 1.775665644621674533e-01 1.012423452649741928e-01 1.602896287326792679e-01 9.812806537519334904e-02 8.959121835791056254e-02 1.067590654307907366e-01 5.040094400283082893e-02 6.473117872864109223e-02 1.067096662837689336e-01 4.666571775375673997e-02 4.425534777038618584e-02 3.298497962240745651e-02 1.135063442153386865e-01 7.233644530466586120e-02 1.086227165327337679e-01 6.838321716487864854e-02 3.897265406468501669e-02 9.048165371645459920e-02 4.082584044582704408e-02 4.395664205181808171e-02 2.045513978603952787e-01 8.427613559030576462e-02 7.753191675336902622e-02 9.665484234426248433e-02 7.698206750657747566e-02
3.864904703034635625e-01 5.538616877299240571e-02 9.365362749455383162e-02 4.401704354806287162e-02 1.189442822648359988e-01 6.527588014245974679e-02 5.989649869536339127e-02 6.604794773587738255e-02 1.000000000000000000e+00 1.422756976367054449e-01 3.330142324763978867e-01 9.736415328847732031e-02 4.655382808064716799e-02 5.119579828902791341e-02 1.756856049684067389e-01 2.604727214313471428e-01 2.413601746992286579e-01 7.931238948321836513e-02 3.588817936487113253e-02 2.362916198223591335e-01 3.300749151294580797e-01 2.547100046020281394e-01 1.889898927590639641e-02 1.580945183302590040e-01 2.457206886753330044e-01 7.527723856970948424e-02 4.037254687065065517e-01 1.502830032954054484e-01 1.429275810729840335e-01 1.220268329170639821e-01 2.703437924145666860e-01 2.134411542344250567e-01 1.040867903557617380e-01 2.703437924145666860e-01 2.130270773503754878e-01 6.706093938170823443e-02 1.233219492674840073e-01 3.430820478783206950e-01 1.054481831543161718e-01 3.023048596399981469e-01 3.534542378468505386e-01 1.394118832109521589e-01 3.751488256169772662e-01 3.311590865829502905e-01 1.845877955668233650e-01 3.023048596399981469e-01 9.736415328847732031e-02 4.192093780422138094e-01 3.534542378468505386e-01 3.526961858524588211e-01 1.255362878304723262e-01 2.624104963247131383e-01 2.697386255824135715e-01 2.604727214313471428e-01 3.330142324763978867e-01 3.330142324763978867e-01 4.575847266880269659e-01 2.703437924145666860e-01 3.642881472517031094e-01 4.575847266880269659e-01 2.956119583906686166e-01 5.175078676764074959e-02 3.762118555475188475e-02 2.869371625845446028e-01 2.547100046020281394e-01 2.348337075616272751e-01 1.781655014468445930e-01 3.534542378468505386e-01 2.891734458159733734e-01 2.127991671149189468e-01 2.994128067089384462e-02 3.114271764110811969e-01 4.037254687065065517e-01 3.641400037672864465e-01 4.037254687065065517e-01 2.424726758602223642e-01 1.795906851310322683e-01 1.663930236223306880e-01 2.127991671149189468e-01 2.261024180185716992e-01 3.330142324763978867e-01 3.534542378468505386e-01 3.430820478783206950e-01 3.641400037672864465e-01 2.457206886753330044e-01 2.424726758602223642e-01 2.387033056137334297e-01 3.642881472517031094e-01 3.330142324763978867e-01 2.869371625845446028e-01 3.534542378468505386e-01 2.253356472457760107e-01 2.703437924145666860e-01 1.798278888064544501e-01 1.980850697256878179e-01 3.330142324763978867e-01 3.210897387912942103e-01 2.253356472457760107e-01 3.864904703034635625e-01 1.781655014468445930e-01 3.751488256169772662e-01 2.931952123219030426e-01 3.641400037672864465e-01 2.931952123219030426e-01 3.641400037672864465e-01 1.698232396298920421e-01 2.189675769579897957e-01 2.554502602988178994e-01 4.367182579371519102e-01 2.931952123219030426e-01 2.748439809798330913e-01 3.330142324763978867e-01 3.534542378468505386e-01 2.010318146181558630e-01 3.311590865829502905e-01 3.137562578577809957e-01 3.330142324763978867e-01 3.642881472517031094e-01 3.137562578577809957e-01 4.367182579371519102e-01 4.367182579371519102e-01 3.210897387912942103e-01 2.703437924145666860e-01 3.045490137874555248e-01 2.869371625845446028e-01 3.232418590382533097e-01 3.765503954839424239e-01 3.232418590382533097e-01 3.430820478783206950e-01 2.245057950207320629e-01 4.037254687065065517e-01 2.472354853650707840e-01 3.311590865829502905e-01 1.629363627005573911e-01
8.186501188141949437e-02 1.080638300858927925e-01 8.976365244227289819e-02 1.460385659992737561e-01 1.188270225830027060e-01 1.090893608599570602e-01 1.103779355390872713e-01 1.114218195631618141e-01 1.422756976367054449e-01 1.000000000000000000e+00 1.253474527538611105e-01 1.672543984334546874e-01 1.614653476511618002e-01 1.281433760968134494e-01 2.014665036658120356e-01 1.558297517799592247e-01 7.239197668066126024e-02 9.368897818757787599e-02 9.007837743891601578e-02 2.186068839538337083e-01 1.685156312954176894e-01 1.584294640677766930e-01 1.051955475556779485e-01 1.945012445414091851e-01 1.536601542507251283e-01 1.092613880875031029e-01 9.608110177093522053e-02 1.790843003121763699e-01 1.804178245350969712e-01 1.484367713203694483e-01 1.493930744398292432e-01 1.999485215535571903e-01 1.190082372346011330e-01 9.526112805225420144e-02 9.740378371014263292e-02 9.388719667327104224e-02 1.028560090388002390e-01 8.504562886049535364e-02 1.577413389490500695e-01 1.530447163148016265e-01 8.181414414277221603e-02 9.268268641052394841e-02 1.992999811043487945e-01 1.419646365631952456e-01 1.769156401315499783e-01 1.201121224840127621e-01 1.184636292321862849e-01 1.361945495531525774e-01 1.774118967487451348e-01 9.845116988421095949e-02 1.140109379732452133e-01 7.649425139394519513e-02 1.287546749280988889e-01 1.330683186006422214e-01 1.749800598861268042e-01 1.732607451197042958e-01 1.406215158533687670e-01 1.465162132863153666e-01 1.618046172974600405e-01 1.900879880042660175e-01 1.548666706392674564e-01 1.254373183305822759e-01 8.285857169981793169e-02 1.479863571744582940e-01 1.864345942990581206e-01 1.567850394059875085e-01 1.797629541695385247e-01 1.702569294164079095e-01 2.929868139917442549e-01 1.595999368480117975e-01 1.185133859792512206e-01 1.861792903912417030e-01 1.068299042289670708e-01 1.308708032952127787e-01 1.019831578364022301e-01 1.156070102444704539e-01 7.501890483764611650e-02 2.139297288425556220e-01 1.291489126621118699e-01 8.162745082315603362e-02 1.250608613344927067e-01 9.359472540025937093e-02 1.147683496517894197e-01 7.951629862778004931e-02 1.316254479286207424e-01 1.029864424424036529e-01 1.449625555881196570e-01 1.333616380927145073e-01 1.385615718198939805e-01 1.079958014184834170e-01 1.292564804299552450e-01 1.417887739575457995e-01 1.309481601295786057e-01 1.690670412577740811e-01 9.035656926397928057e-02 1.321872597955753292e-01 2.296681139122531135e-01 2.008972317651425143e-01 1.006080564982895220e-01 1.492223913125549362e-01 1.661429045511595148e-01 1.278488115170553774e-01 1.161520441398546932e-01 1.207224130559727548e-01 1.562795790078175817e-01 9.447159132299275119e-02 2.225602368551892474e-01 7.748014652869381069e-02 1.702569294164079095e-01 8.683824709120949170e-02 1.587414710709382781e-01 9.658975206728903640e-02 1.442548201955558551e-01 1.543903577761869816e-01 1.664362296078958914e-01 9.794782738736225458e-02 1.124995595870918880e-01 1.486496347634883031e-01 7.812838192275363414e-02 1.275066709179458468e-01 1.187576424654264717e-01 1.998268410225474967e-01 1.184936297847538206e-01 8.043394847404987391e-02 7.535530418869008928e-02 7.156811944434883499e-02 1.683979003999036828e-01 1.125434109057253662e-01 7.717368755597737995e-02 1.789689248169143432e-01 1.496979477188336016e-01 1.139786375005595320e-01 1.674177432632298346e-01 1.221148880853369922e-01
4.027171372514109504e-01 6.741025256841498559e-02 5.904575330044435633e-02 6.241383380128671943e-02 1.936672597995268696e-01 2.304080530611970767e-01 7.197665183611132167e-02 9.433778857740465762e-02 3.330142324763978867e-01 1.253474527538611105e-01 1.000000000000000000e+00 1.175696627131781330e-01 6.058080435267760439e-02 7.283389761086536685e-02 1.349174028764868194e-01 2.795829349649618933e-01 1.843851339925426658e-01 1.495886282594307004e-01 4.392697563791639337e-02 2.197023494810568522e-01 3.045307558118429681e-01 2.807670206431989168e-01 5.462402087576655879e-02 1.525730652442689739e-01 2.671479729045309059e-01 7.583289090214445638e-02 4.261215859691736552e-01 1.717428671511951055e-01 1.490221070184492569e-01 1.042396344948215980e-01 3.476057783617532149e-01 2.053344194441372172e-01 1.395418663306196849e-01 2.883786971052630377e-01 2.256870272684556311e-01 6.823436211217435987e-02 1.007886219620237056e-01 3.661429941529870113e-01 9.043291830668616360e-02 2.880776929323777269e-01 3.740017701183563914e-01 1.015397203380065810e-01 4.104404744039055197e-01 3.717151089349508553e-01 2.108189205442758118e-01 2.371333216269650157e-01 1.025903291448991839e-01 3.721116085352657032e-01 3.880900078677284037e-01 3.097737958174794914e-01 1.752954160479013312e-01 2.890011631029818506e-01 2.193652449409623506e-01 2.430260600167901408e-01 3.617394185667358597e-01 3.614385721968064735e-01 3.850105919680472111e-01 3.350218150743751733e-01 4.519861208211625181e-01 3.878375819231137389e-01 3.232063844758706894e-01 8.855402680807836213e-02 2.090278878872941365e-02 3.032944051987590539e-01 3.279635409312439132e-01 3.048210791983781975e-01 2.766268386114978384e-01 3.961312585866588742e-01 2.088603978597933231e-01 1.967247398599778763e-01 6.948598657521462552e-02 3.411416614652414414e-01 3.581868696700296062e-01 4.989155780101432458e-01 3.551168141413131862e-01 1.686186912777268287e-01 1.535138694860178898e-01 1.602518339584081131e-01 2.443649205999209872e-01 2.515954051451960716e-01 3.557708041844571678e-01 3.641400037672864465e-01 3.721116085352657032e-01 3.813684581626753389e-01 2.695640383901033443e-01 1.662026257921543626e-01 3.402977399889222654e-01 3.288610796494899069e-01 3.670320519787626523e-01 3.108505163408409877e-01 3.718224505753768838e-01 2.454115535294001671e-01 2.912056870603295655e-01 2.250899355699598203e-01 1.286492007379305691e-01 4.318125478265791295e-01 4.023476742271194229e-01 2.877742864232527564e-01 6.403976150496513142e-01 3.089467244454962014e-01 4.051478409918787271e-01 2.733673752904433041e-01 3.883216952052538362e-01 3.600999705906375858e-01 3.751488256169772662e-01 1.685862765016605536e-01 3.194606224834165564e-01 1.691559952462554639e-01 4.849843125088188489e-01 2.733673752904433041e-01 1.959513579849994080e-01 3.670320519787626523e-01 3.827973744557016111e-01 2.569036969659608260e-01 2.996259188906810755e-01 3.232418590382533097e-01 3.468261622334940508e-01 3.264450141639174685e-01 3.364147286265298797e-01 3.703596363129845193e-01 3.641400037672864465e-01 4.002230108484635673e-01 2.936217525459020039e-01 3.288610796494899069e-01 3.104253780754609449e-01 3.392338650220959595e-01 3.999682446930070134e-01 3.406966792844883241e-01 3.611366846549409759e-01 2.264400226843368558e-01 4.950887407652622696e-01 3.720971206589426261e-01 3.556330568018930549e-01 2.376677044287712204e-01
